CH1 (V)  ,CH2 (V)  
-0.312304688,0.014648437
-0.296689453,0.015625000
-0.202998047,0.015136719
-0.109306641,0.016113281
0.015615234,0.014648437
0.109306641,0.016113281
0.202998047,0.015625000
0.312304688,0.016601562
0.421611328,0.016601562
0.515302734,0.018066406
0.624609375,0.016601562
0.733916016,0.018066406
0.843222656,0.017089844
0.936914062,0.019042969
1.030605469,0.019531250
1.139912109,0.020996094
1.249218750,0.019042969
1.358525391,0.019531250
1.452216797,0.018066406
1.561523437,0.019042969
1.655214844,0.018554687
1.764521484,0.019531250
1.858212891,0.019531250
1.983134766,0.019531250
2.061210937,0.019531250
2.186132812,0.019531250
2.279824219,0.019042969
2.373515625,0.020019531
2.482822266,0.019531250
2.592128906,0.020019531
2.685820312,0.019531250
2.795126953,0.019042969
2.888818359,0.019042969
2.998125000,0.019531250
3.091816406,0.019042969
3.216738281,0.020019531
3.310429688,0.019531250
3.404121094,0.020019531
3.513427734,0.019531250
3.622734375,0.020019531
3.716425781,0.020019531
3.825732422,0.019531250
3.935039063,0.019042969
4.044345703,0.020019531
4.138037109,0.020996094
4.247343750,0.020507812
4.356650391,0.020996094
4.465957031,0.020996094
4.559648437,0.022460937
4.668955078,0.021972656
4.762646484,0.021972656
4.871953125,0.021484375
4.965644531,0.021484375
5.074951172,0.021484375
5.184257813,0.021972656
5.293564453,0.021484375
5.387255859,0.021972656
5.480947266,0.022949219
5.590253906,0.024902344
5.683945312,0.024902344
5.793251953,0.025390625
5.902558594,0.025878906
5.996250000,0.026855469
6.089941406,0.026855469
6.199248047,0.027343750
6.308554688,0.026367187
6.417861328,0.026855469
6.527167969,0.025878906
6.620859375,0.026367187
6.730166016,0.024902344
6.823857422,0.024902344
6.917548828,0.023925781
7.026855469,0.023925781
7.136162109,0.023437500
7.229853516,0.023437500
7.339160156,0.022949219
7.448466797,0.023925781
7.557773437,0.022949219
7.651464844,0.023437500
7.745156250,0.022460937
7.854462891,0.023925781
7.963769531,0.023437500
8.073076172,0.024414062
8.166767578,0.023925781
8.276074219,0.025390625
8.385380859,0.024414062
8.494687500,0.025878906
8.588378906,0.025878906
8.697685547,0.028320312
8.806992188,0.027832031
8.900683594,0.029785156
9.009990234,0.029785156
9.103681641,0.031250000
9.197373047,0.031738281
9.291064453,0.033203125
9.415986328,0.034179687
9.509677734,0.036132812
9.603369141,0.036132812
9.728291016,0.038574219
9.821982422,0.039062500
9.915673828,0.041992187
10.024980469,0.042480469
10.118671875,0.045410156
10.227978516,0.045898437
10.337285156,0.048828125
10.430976562,0.049316406
10.540283203,0.051757812
10.649589844,0.052734375
10.743281250,0.055175781
10.852587891,0.055175781
10.961894531,0.056640625
11.055585938,0.053710937
11.149277344,0.053710937
11.274199219,0.049804687
11.367890625,0.047851562
11.477197266,0.043457031
11.570888672,0.041992187
11.664580078,0.038574219
11.773886719,0.037109375
11.883193359,0.034179687
11.976884766,0.033691406
12.101806641,0.030761719
12.195498047,0.030761719
12.304804687,0.028320312
12.398496094,0.029296875
12.507802734,0.027343750
12.601494141,0.028808594
12.726416016,0.027343750
12.820107422,0.028808594
12.913798828,0.028808594
13.023105469,0.029785156
13.132412109,0.028320312
13.210488281,0.030761719
13.335410156,0.030761719
13.444716797,0.031738281
13.538408203,0.031738281
13.632099609,0.032226562
13.741406250,0.033203125
13.850712891,0.036132812
13.960019531,0.036621094
14.053710937,0.039550781
14.147402344,0.040039062
14.256708984,0.042968750
14.366015625,0.043945312
14.475322266,0.046386719
14.569013672,0.046386719
14.693935547,0.048828125
14.787626953,0.051757812
14.881318359,0.054687500
14.990625000,0.056640625
15.084316406,0.060546875
15.193623047,0.061523437
15.287314453,0.064941406
15.396621094,0.066406250
15.490312500,0.069824219
15.599619141,0.071289062
15.693310547,0.071777344
15.802617187,0.073242187
15.911923828,0.074218750
16.005615234,0.072265625
16.130537109,0.070800781
16.224228516,0.066894531
16.333535156,0.064941406
16.427226562,0.060546875
16.536533203,0.058105469
16.630224609,0.054199219
16.755146484,0.051757812
16.848837891,0.046875000
16.942529297,0.044921875
17.051835937,0.041503906
17.145527344,0.040039062
17.254833984,0.037109375
17.348525391,0.036621094
17.473447266,0.035156250
17.567138672,0.034179687
17.660830078,0.033691406
17.754521484,0.034179687
17.879443359,0.032714844
17.973134766,0.034179687
18.082441406,0.034179687
18.176132813,0.035156250
18.285439453,0.035644531
18.379130859,0.038085937
18.504052734,0.038085937
18.582128906,0.039550781
18.691435547,0.040527344
18.800742187,0.042968750
18.894433594,0.043945312
19.003740234,0.046386719
19.097431641,0.047363281
19.206738281,0.050292969
19.316044922,0.051757812
19.409736328,0.054687500
19.519042969,0.056640625
19.612734375,0.059570312
19.722041016,0.054687500
19.831347656,0.060546875
19.925039062,0.064941406
20.034345703,0.068847656
20.143652344,0.072265625
20.252958984,0.075683594
20.346650391,0.079589844
20.455957031,0.082031250
20.565263672,0.084960937
20.674570312,0.086914062
20.752646484,0.087402344
20.877568359,0.087890625
20.986875000,0.087402344
21.080566406,0.086425781
21.174257812,0.084472656
21.267949219,0.082519531
21.392871094,0.080078125
21.486562500,0.077148437
21.595869141,0.073242187
21.705175781,0.069824219
21.798867188,0.065917969
21.892558594,0.062988281
22.017480469,0.059082031
22.095556641,0.055664062
22.204863281,0.053222656
22.314169922,0.050292969
22.423476562,0.048339844
22.501552734,0.046386719
22.626474609,0.045410156
22.720166016,0.043945312
22.829472656,0.043457031
22.938779297,0.042968750
23.032470703,0.042968750
23.141777344,0.043457031
23.235468750,0.043457031
23.329160156,0.043457031
23.454082031,0.044921875
23.547773437,0.045410156
23.657080078,0.046875000
23.750771484,0.048339844
23.860078125,0.049804687
23.953769531,0.051269531
24.078691406,0.053222656
24.172382813,0.054687500
24.281689453,0.058105469
24.375380859,0.059570312
24.484687500,0.062988281
24.593994141,0.064941406
24.687685547,0.068359375
24.796992187,0.071289062
24.906298828,0.074218750
24.999990234,0.076660156
25.109296875,0.080566406
25.202988281,0.083007812
25.312294922,0.086914062
25.405986328,0.088867187
25.515292969,0.094726562
25.608984375,0.095214844
25.718291016,0.097167969
25.827597656,0.098144531
25.921289062,0.099121094
26.030595703,0.098632812
26.139902344,0.098632812
26.217978516,0.097167969
26.342900391,0.096191406
26.436591797,0.093750000
26.545898437,0.092285156
26.639589844,0.088867187
26.748896484,0.085449219
26.858203125,0.081542969
26.951894531,0.079101562
27.045585938,0.075195312
27.154892578,0.073242187
27.264199219,0.069335937
27.357890625,0.067382812
27.451582031,0.063964844
27.560888672,0.063476562
27.670195312,0.061035156
27.779501953,0.060058594
27.888808594,0.058105469
27.982500000,0.058593750
28.107421875,0.060058594
28.201113281,0.061035156
28.310419922,0.055664062
28.419726562,0.056152344
28.513417969,0.054687500
28.607109375,0.055175781
28.716416016,0.055175781
28.825722656,0.057128906
28.919414062,0.057617187
29.028720703,0.060058594
29.122412109,0.059082031
29.231718750,0.062500000
29.341025391,0.063964844
29.434716797,0.067382812
29.544023437,0.068359375
29.653330078,0.072753906
29.747021484,0.073730469
29.856328125,0.078125000
29.950019531,0.080078125
30.074941406,0.083984375
30.168632813,0.085449219
30.184248047,0.089843750
30.184248047,0.090332031
30.184248047,0.091796875
30.168632813,0.091308594
30.168632813,0.092285156
30.184248047,0.091308594
30.184248047,0.092773437
30.184248047,0.091796875
30.184248047,0.091308594
30.184248047,0.091308594
30.184248047,0.092773437
30.184248047,0.091308594
30.184248047,0.093261719
